0 0.0 6.000000 0.000000 1.200000 -0.000000 1.000000 0.000000 0.000000
1 0.0 5.991777 0.314016 1.239109 -0.026177 0.999657 0.000000 0.000000
2 0.0 5.967131 0.627171 1.277254 -0.052336 0.998630 0.000000 0.000000
3 0.0 5.926130 0.938607 1.313498 -0.078459 0.996917 0.000000 0.000000
4 0.0 5.868886 1.247470 1.346946 -0.104528 0.994522 0.000000 0.000000
5 0.0 5.795555 1.552914 1.376777 -0.130526 0.991445 0.000000 0.000000
6 0.0 5.706339 1.854102 1.402254 -0.156434 0.987688 0.000000 0.000000
7 0.0 5.601483 2.150208 1.422752 -0.182236 0.983255 0.000000 0.000000
8 0.0 5.481273 2.440420 1.437764 -0.207912 0.978148 0.000000 0.000000
9 0.0 5.346039 2.723943 1.446922 -0.233445 0.972370 0.000000 0.000000
10 0.0 5.196152 3.000000 1.450000 -0.258819 0.965926 0.000000 0.000000
11 0.0 5.032023 3.267834 1.446922 -0.284015 0.958820 0.000000 0.000000
12 0.0 4.854102 3.526712 1.437764 -0.309017 0.951057 0.000000 0.000000
13 0.0 4.662876 3.775922 1.422752 -0.333807 0.942641 0.000000 0.000000
14 0.0 4.458869 4.014784 1.402254 -0.358368 0.933580 0.000000 0.000000
15 0.0 4.242641 4.242641 1.376777 -0.382683 0.923880 0.000000 0.000000
16 0.0 4.014784 4.458869 1.346946 -0.406737 0.913545 0.000000 0.000000
17 0.0 3.775922 4.662876 1.313498 -0.430511 0.902585 0.000000 0.000000
18 0.0 3.526712 4.854102 1.277254 -0.453990 0.891007 0.000000 0.000000
19 0.0 3.267834 5.032023 1.239109 -0.477159 0.878817 0.000000 0.000000
20 0.0 3.000000 5.196152 1.200000 -0.500000 0.866025 0.000000 0.000000
21 0.0 2.723943 5.346039 1.160891 -0.522499 0.852640 0.000000 0.000000
22 0.0 2.440420 5.481273 1.122746 -0.544639 0.838671 0.000000 0.000000
23 0.0 2.150208 5.601483 1.086502 -0.566406 0.824126 0.000000 0.000000
24 0.0 1.854102 5.706339 1.053054 -0.587785 0.809017 0.000000 0.000000
25 0.0 1.552914 5.795555 1.023223 -0.608761 0.793353 0.000000 0.000000
26 0.0 1.247470 5.868886 0.997746 -0.629320 0.777146 0.000000 0.000000
27 0.0 0.938607 5.926130 0.977248 -0.649448 0.760406 0.000000 0.000000
28 0.0 0.627171 5.967131 0.962236 -0.669131 0.743145 0.000000 0.000000
29 0.0 0.314016 5.991777 0.953078 -0.688355 0.725374 0.000000 0.000000
30 0.0 0.000000 6.000000 0.950000 -0.707107 0.707107 0.000000 0.000000
31 0.0 -0.314016 5.991777 0.953078 -0.725374 0.688355 0.000000 0.000000
32 0.0 -0.627171 5.967131 0.962236 -0.743145 0.669131 0.000000 0.000000
33 0.0 -0.938607 5.926130 0.977248 -0.760406 0.649448 0.000000 0.000000
34 0.0 -1.247470 5.868886 0.997746 -0.777146 0.629320 0.000000 0.000000
35 0.0 -1.552914 5.795555 1.023223 -0.793353 0.608761 0.000000 0.000000
36 0.0 -1.854102 5.706339 1.053054 -0.809017 0.587785 0.000000 0.000000
37 0.0 -2.150208 5.601483 1.086502 -0.824126 0.566406 0.000000 0.000000
38 0.0 -2.440420 5.481273 1.122746 -0.838671 0.544639 0.000000 0.000000
39 0.0 -2.723943 5.346039 1.160891 -0.852640 0.522499 0.000000 0.000000
40 0.0 -3.000000 5.196152 1.200000 -0.866025 0.500000 0.000000 0.000000
41 0.0 -3.267834 5.032023 1.239109 -0.878817 0.477159 0.000000 0.000000
42 0.0 -3.526712 4.854102 1.277254 -0.891007 0.453990 0.000000 0.000000
43 0.0 -3.775922 4.662876 1.313498 -0.902585 0.430511 0.000000 0.000000
44 0.0 -4.014784 4.458869 1.346946 -0.913545 0.406737 0.000000 0.000000
45 0.0 -4.242641 4.242641 1.376777 -0.923880 0.382683 0.000000 0.000000
46 0.0 -4.458869 4.014784 1.402254 -0.933580 0.358368 0.000000 0.000000
47 0.0 -4.662876 3.775922 1.422752 -0.942641 0.333807 0.000000 0.000000
48 0.0 -4.854102 3.526712 1.437764 -0.951057 0.309017 0.000000 0.000000
49 0.0 -5.032023 3.267834 1.446922 -0.958820 0.284015 0.000000 0.000000
50 0.0 -5.196152 3.000000 1.450000 -0.965926 0.258819 0.000000 0.000000
51 0.0 -5.346039 2.723943 1.446922 -0.972370 0.233445 0.000000 0.000000
52 0.0 -5.481273 2.440420 1.437764 -0.978148 0.207912 0.000000 0.000000
53 0.0 -5.601483 2.150208 1.422752 -0.983255 0.182236 0.000000 0.000000
54 0.0 -5.706339 1.854102 1.402254 -0.987688 0.156434 0.000000 0.000000
55 0.0 -5.795555 1.552914 1.376777 -0.991445 0.130526 0.000000 0.000000
56 0.0 -5.868886 1.247470 1.346946 -0.994522 0.104528 0.000000 0.000000
57 0.0 -5.926130 0.938607 1.313498 -0.996917 0.078459 0.000000 0.000000
58 0.0 -5.967131 0.627171 1.277254 -0.998630 0.052336 0.000000 0.000000
59 0.0 -5.991777 0.314016 1.239109 -0.999657 0.026177 0.000000 0.000000
60 0.0 -6.000000 0.000000 1.200000 -1.000000 0.000000 0.000000 0.000000
61 0.0 -5.991777 -0.314016 1.160891 -0.999657 -0.026177 0.000000 -0.000000
62 0.0 -5.967131 -0.627171 1.122746 -0.998630 -0.052336 0.000000 -0.000000
63 0.0 -5.926130 -0.938607 1.086502 -0.996917 -0.078459 0.000000 -0.000000
64 0.0 -5.868886 -1.247470 1.053054 -0.994522 -0.104528 0.000000 -0.000000
65 0.0 -5.795555 -1.552914 1.023223 -0.991445 -0.130526 0.000000 -0.000000
66 0.0 -5.706339 -1.854102 0.997746 -0.987688 -0.156434 0.000000 -0.000000
67 0.0 -5.601483 -2.150208 0.977248 -0.983255 -0.182236 0.000000 -0.000000
68 0.0 -5.481273 -2.440420 0.962236 -0.978148 -0.207912 0.000000 -0.000000
69 0.0 -5.346039 -2.723943 0.953078 -0.972370 -0.233445 0.000000 -0.000000
70 0.0 -5.196152 -3.000000 0.950000 -0.965926 -0.258819 0.000000 -0.000000
71 0.0 -5.032023 -3.267834 0.953078 -0.958820 -0.284015 0.000000 -0.000000
72 0.0 -4.854102 -3.526712 0.962236 -0.951057 -0.309017 0.000000 -0.000000
73 0.0 -4.662876 -3.775922 0.977248 -0.942641 -0.333807 0.000000 -0.000000
74 0.0 -4.458869 -4.014784 0.997746 -0.933580 -0.358368 0.000000 -0.000000
75 0.0 -4.242641 -4.242641 1.023223 -0.923880 -0.382683 0.000000 -0.000000
76 0.0 -4.014784 -4.458869 1.053054 -0.913545 -0.406737 0.000000 -0.000000
77 0.0 -3.775922 -4.662876 1.086502 -0.902585 -0.430511 0.000000 -0.000000
78 0.0 -3.526712 -4.854102 1.122746 -0.891007 -0.453990 0.000000 -0.000000
79 0.0 -3.267834 -5.032023 1.160891 -0.878817 -0.477159 0.000000 -0.000000
80 0.0 -3.000000 -5.196152 1.200000 -0.866025 -0.500000 0.000000 -0.000000
81 0.0 -2.723943 -5.346039 1.239109 -0.852640 -0.522499 0.000000 -0.000000
82 0.0 -2.440420 -5.481273 1.277254 -0.838671 -0.544639 0.000000 -0.000000
83 0.0 -2.150208 -5.601483 1.313498 -0.824126 -0.566406 0.000000 -0.000000
84 0.0 -1.854102 -5.706339 1.346946 -0.809017 -0.587785 0.000000 -0.000000
85 0.0 -1.552914 -5.795555 1.376777 -0.793353 -0.608761 0.000000 -0.000000
86 0.0 -1.247470 -5.868886 1.402254 -0.777146 -0.629320 0.000000 -0.000000
87 0.0 -0.938607 -5.926130 1.422752 -0.760406 -0.649448 0.000000 -0.000000
88 0.0 -0.627171 -5.967131 1.437764 -0.743145 -0.669131 0.000000 -0.000000
89 0.0 -0.314016 -5.991777 1.446922 -0.725374 -0.688355 0.000000 -0.000000
90 0.0 -0.000000 -6.000000 1.450000 -0.707107 -0.707107 0.000000 -0.000000
91 0.0 0.314016 -5.991777 1.446922 -0.688355 -0.725374 0.000000 -0.000000
92 0.0 0.627171 -5.967131 1.437764 -0.669131 -0.743145 0.000000 -0.000000
93 0.0 0.938607 -5.926130 1.422752 -0.649448 -0.760406 0.000000 -0.000000
94 0.0 1.247470 -5.868886 1.402254 -0.629320 -0.777146 0.000000 -0.000000
95 0.0 1.552914 -5.795555 1.376777 -0.608761 -0.793353 0.000000 -0.000000
96 0.0 1.854102 -5.706339 1.346946 -0.587785 -0.809017 0.000000 -0.000000
97 0.0 2.150208 -5.601483 1.313498 -0.566406 -0.824126 0.000000 -0.000000
98 0.0 2.440420 -5.481273 1.277254 -0.544639 -0.838671 0.000000 -0.000000
99 0.0 2.723943 -5.346039 1.239109 -0.522499 -0.852640 0.000000 -0.000000
100 0.0 3.000000 -5.196152 1.200000 -0.500000 -0.866025 0.000000 -0.000000
101 0.0 3.267834 -5.032023 1.160891 -0.477159 -0.878817 0.000000 -0.000000
102 0.0 3.526712 -4.854102 1.122746 -0.453990 -0.891007 0.000000 -0.000000
103 0.0 3.775922 -4.662876 1.086502 -0.430511 -0.902585 0.000000 -0.000000
104 0.0 4.014784 -4.458869 1.053054 -0.406737 -0.913545 0.000000 -0.000000
105 0.0 4.242641 -4.242641 1.023223 -0.382683 -0.923880 0.000000 -0.000000
106 0.0 4.458869 -4.014784 0.997746 -0.358368 -0.933580 0.000000 -0.000000
107 0.0 4.662876 -3.775922 0.977248 -0.333807 -0.942641 0.000000 -0.000000
108 0.0 4.854102 -3.526712 0.962236 -0.309017 -0.951057 0.000000 -0.000000
109 0.0 5.032023 -3.267834 0.953078 -0.284015 -0.958820 0.000000 -0.000000
110 0.0 5.196152 -3.000000 0.950000 -0.258819 -0.965926 0.000000 -0.000000
111 0.0 5.346039 -2.723943 0.953078 -0.233445 -0.972370 0.000000 -0.000000
112 0.0 5.481273 -2.440420 0.962236 -0.207912 -0.978148 0.000000 -0.000000
113 0.0 5.601483 -2.150208 0.977248 -0.182236 -0.983255 0.000000 -0.000000
114 0.0 5.706339 -1.854102 0.997746 -0.156434 -0.987688 0.000000 -0.000000
115 0.0 5.795555 -1.552914 1.023223 -0.130526 -0.991445 0.000000 -0.000000
116 0.0 5.868886 -1.247470 1.053054 -0.104528 -0.994522 0.000000 -0.000000
117 0.0 5.926130 -0.938607 1.086502 -0.078459 -0.996917 0.000000 -0.000000
118 0.0 5.967131 -0.627171 1.122746 -0.052336 -0.998630 0.000000 -0.000000
119 0.0 5.991777 -0.314016 1.160891 -0.026177 -0.999657 0.000000 -0.000000
